Recieved=85124 KB, Rate=18.883604 Mbps
Sent=85124 KB, Rate=21.346663 Mbps
