Recieved=104379 KB, Rate=23.768644 Mbps
Sent=104379KB, Rate=26.265861 Mbps
