Recieved=81860 KB, Rate=18.849614 Mbps
Sent=81860 KB, Rate=21.393966 Mbps
