Recieved=117449 KB, Rate=28.269557 Mbps
Sent=117449 KB, Rate=30.870483 Mbps
