Recieved=152802 KB, Rate=37.634732 Mbps
Sent=152802 KB, Rate=40.283075 Mbps
