Recieved=149847 KB, Rate=37.111836 Mbps
Sent=149847 KB, Rate=39.632857
